0.503
0.644
0.660
0.709
0.725
0.742
0.743
0.757
0.769
0.801
0.802
0.809
0.821
0.824
0.829
0.833
0.844
0.854
0.871
0.875
0.884
0.888
0.896
0.910
0.914
0.934
0.965
0.993
1.015
1.030
1.031
1.032
1.034
1.044
1.044
1.061
1.086
1.127
1.130
1.135
1.149
1.165
1.174
1.196
1.215
1.216
1.222
1.226
1.229
1.239
1.254
1.276
1.288
1.293
1.301
1.304
1.308
1.322
1.324
1.330
1.366
1.375
1.375
1.412
1.412
1.454
1.499
1.554
1.598
1.702
1.716
1.738
1.761
1.816
1.865
1.866
1.869
1.898
1.902
1.902
1.903
1.910
1.928
1.930
1.936
1.944
1.946
1.951
2.004
2.036
2.038
2.045
2.069
2.152
2.166
2.169
2.262
2.431
2.451
2.451
2.451
2.451
2.504
2.553
2.566
2.592
2.617
2.638
2.645
2.694
2.705
2.705
2.705
2.705
2.721
2.732
2.746
2.746
2.746
2.746
2.746
2.746
2.746
2.747
2.750
2.782
2.782
2.782
2.782
2.789
2.809
2.852
2.852
2.852
2.852
3.041
3.041
3.062
3.088
3.128
3.133
3.158
3.158
3.158
3.158
3.158
3.165
3.165
3.165
3.170
3.188
3.221
3.224
3.225
3.229
3.234
3.236
3.294
3.298
3.326
3.346
3.387
3.387
3.387
3.390
3.393
3.393
3.393
3.393
3.399
3.411
3.411
3.411
3.411
3.412
3.424
3.433
3.464
3.475
3.512
3.542
3.542
3.544
3.556
3.557
3.570
3.577
3.583
3.601
3.601
3.639
3.639
3.639
3.639
3.658
3.665
3.676
3.676
3.676
3.682
3.692
3.701
3.703
3.719
3.737
3.739
3.776
3.784
3.790
3.792
3.798
3.798
3.798
3.802
3.807
3.807
3.811
3.811
3.821
3.822
3.824
3.829
3.850
3.853
3.853
3.853
3.858
3.859
3.872
3.874
3.883
3.886
3.887
3.887
3.887
3.890
3.891
3.923
3.923
3.923
3.923
3.946
3.950
3.950
3.951
3.960
3.965
3.971
3.977
4.011
4.011
4.011
4.017
4.021
4.022
4.022
4.028
4.028
4.029
4.029
4.029
4.089
4.097
4.156
4.156
4.162
4.164
4.181
4.181
4.205
4.205
4.205
4.207
4.207
4.211
4.212
4.250
4.279
4.279
4.303
4.303
4.303
4.303
4.326
4.328
4.328
4.332
4.337
4.337
4.358
4.358
4.364
4.364
4.364
4.453
4.457
4.457
4.457
4.457
4.717
4.782
4.796
4.804
4.838
4.866
4.890
4.905
4.912
4.914
4.936
4.946
4.953
4.954
4.960
4.964
4.964
4.964
4.964
4.986
4.986
4.986
4.986
4.999
5.001
5.018
5.031
5.068
5.068
5.068
5.068
5.073
5.073
5.073
5.073
5.078
5.081
5.107
5.108
5.108
5.108
5.108
5.109
5.115
5.123
5.123
5.123
5.123
5.126
5.130
5.130
5.130
5.130
5.138
5.138
5.138
5.138
5.146
5.146
5.146
5.146
5.148
5.148
5.148
5.148
5.161
5.162
5.172
5.172
5.172
5.172
5.172
5.177
5.195
5.195
5.195
5.195
5.201
5.201
5.201
5.201
5.204
5.204
5.247
5.247
5.247
5.247
5.248
5.252
5.254
5.256
5.256
5.256
5.256
5.256
5.273
5.273
5.291
5.292
5.292
5.292
5.292
5.292
5.292
5.292
5.292
5.306
5.306
5.306
5.306
5.308
5.308
5.308
5.308
5.322
5.322
5.322
5.322
5.325
5.325
5.325
5.325
5.326
5.347
5.354
5.354
5.354
5.354
5.363
5.363
5.367
5.370
5.370
5.370
5.370
5.386
5.386
5.386
5.386
5.388
5.388
5.388
5.388
5.392
5.392
5.392
5.401
5.401
5.404
5.404
5.404
5.404
5.407
5.407
5.407
5.407
5.420
5.423
5.439
5.439
5.439
5.439
5.441
5.441
5.441
5.441
5.450
5.450
5.450
5.450
5.451
5.455
5.455
5.455
5.455
5.457
5.457
5.457
5.457
5.462
5.462
5.462
5.462
5.468
5.468
5.468
5.468
5.471
5.471
5.471
5.471
5.487
5.487
5.487
5.487
5.492
5.496
5.496
5.496
5.496
5.515
5.515
5.532
5.539
5.539
5.539
5.539
5.540
5.540
5.540
5.540
5.545
5.549
5.561
5.561
5.561
5.561
5.566
5.566
5.566
5.566
5.567
5.567
5.567
5.567
5.568
5.573
5.573
5.573
5.573
5.575
5.575
5.580
5.580
5.580
5.580
5.582
5.582
5.582
5.582
5.585
5.585
5.585
5.585
5.587
5.587
5.587
5.587
5.591
5.601
5.601
5.601
5.601
5.604
5.604
5.604
5.604
5.605
5.605
5.605
5.605
5.611
5.611
5.611
5.611
5.612
5.612
5.612
5.612
5.617
5.617
5.617
5.617
5.620
5.620
5.620
5.620
5.621
5.622
5.644
5.647
5.647
5.647
5.647
5.651
5.654
5.658
5.658
5.658
5.658
5.660
5.660
5.660
5.660
5.664
5.664
5.664
5.664
5.665
5.665
5.665
5.665
5.684
5.684
5.694
5.694
5.694
5.694
5.696
5.696
5.696
5.696
5.696
5.696
5.696
5.696
5.698
5.698
5.698
5.698
5.700
5.700
5.700
5.700
5.707
5.707
5.707
5.707
5.707
5.707
5.707
5.707
5.711
5.713
5.713
5.713
5.713
5.720
5.722
5.722
5.722
5.722
5.722
5.722
5.722
5.722
5.729
5.729
5.729
5.729
5.739
5.739
5.739
5.739
5.748
5.748
5.748
5.748
5.750
5.750
5.750
5.750
5.752
5.752
5.752
5.752
5.753
5.754
5.754
5.754
5.754
5.755
5.755
5.755
5.755
5.759
5.759
5.759
5.759
5.764
5.766
5.766
5.766
5.766
5.766
5.771
5.772
5.772
5.772
5.772
5.773
5.773
5.773
5.774
5.774
5.774
5.774
5.783
5.786
5.786
5.786
5.786
5.787
5.787
5.787
5.787
5.796
5.799
5.799
5.799
5.799
5.800
5.800
5.800
5.800
5.801
5.801
5.801
5.803
5.803
5.803
5.803
5.803
5.803
5.803
5.803
5.805
5.805
5.806
5.806
5.806
5.806
5.806
5.806
5.806
5.806
5.808
5.808
5.808
5.808
5.811
5.811
5.811
5.811
5.814
5.814
5.819
5.819
5.819
5.819
5.822
5.822
5.822
5.822
5.829
5.829
5.829
5.829
5.831
5.831
5.831
5.831
5.841
5.847
5.853
5.853
5.853
5.856
5.856
5.856
5.856
5.856
5.856
5.856
5.856
5.856
5.856
5.860
5.860
5.860
5.860
5.860
5.868
5.868
5.868
5.868
5.871
5.871
5.871
5.871
5.873
5.874
5.874
5.877
5.877
5.877
5.877
5.879
5.879
5.879
5.879
5.886
5.886
5.886
5.886
5.888
5.888
5.888
5.888
5.890
5.890
5.890
5.890
5.890
5.890
5.890
5.890
5.894
5.894
5.894
5.894
5.901
5.901
5.901
5.901
5.906
5.906
5.907
5.907
5.907
5.907
5.907
5.907
5.907
5.907
5.908
5.908
5.908
5.908
5.915
5.915
5.915
5.915
5.931
5.931
5.931
5.931
5.935
5.935
5.935
5.935
5.936
5.936
5.936
5.936
5.943
5.943
5.943
5.943
5.947
5.947
5.947
5.947
5.957
5.957
5.957
5.957
5.958
5.958
5.958
5.958
5.959
5.959
5.959
5.959
5.963
5.963
5.963
5.963
5.963
5.963
5.963
5.963
5.963
5.966
5.966
5.966
5.966
5.967
5.967
5.967
5.967
5.972
5.972
5.972
5.972
5.972
5.972
5.972
5.975
5.975
5.975
5.975
5.979
5.979
5.979
5.979
5.987
5.987
5.987
5.987
5.988
5.988
5.988
5.988
5.993
5.994
5.997
5.997
5.997
5.997
5.999
6.006
6.006
6.006
6.006
6.006
6.006
6.006
6.006
6.011
6.011
6.011
6.011
6.012
6.012
6.012
6.012
6.014
6.019
6.019
6.019
6.019
6.020
6.020
6.020
6.020
6.029
6.029
6.029
6.029
6.030
6.033
6.033
6.033
6.033
6.042
6.050
6.050
6.050
6.052
6.052
6.052
6.052
6.053
6.053
6.053
6.053
6.060
6.060
6.060
6.060
6.063
6.063
6.063
6.063
6.064
6.064
6.064
6.064
6.065
6.067
6.067
6.067
6.067
6.071
6.071
6.071
6.071
6.071
6.073
6.073
6.073
6.073
6.075
6.075
6.075
6.075
6.088
6.088
6.088
6.088
6.090
6.090
6.090
6.090
6.091
6.091
6.091
6.091
6.091
6.091
6.091
6.091
6.091
6.096
6.096
6.096
6.096
6.096
6.097
6.097
6.097
6.097
6.097
6.113
6.113
6.113
6.113
6.114
6.114
6.114
6.114
6.116
6.116
6.116
6.116
6.116
6.119
6.119
6.119
6.119
6.123
6.123
6.123
6.123
6.123
6.123
6.124
6.124
6.124
6.124
6.126
6.126
6.126
6.126
6.126
6.126
6.126
6.126
6.128
6.128
6.128
6.128
6.141
6.141
6.141
6.141
6.154
6.154
6.154
6.154
6.154
6.154
6.154
6.154
6.162
6.162
6.162
6.162
6.166
6.168
6.177
6.178
6.178
6.178
6.178
6.182
6.182
6.182
6.182
6.185
6.185
6.185
6.188
6.188
6.188
6.188
6.188
6.201
6.203
6.206
6.206
6.206
6.206
6.211
6.211
6.211
6.211
6.211
6.212
6.212
6.212
6.212
6.213
6.213
6.213
6.213
6.217
6.221
6.222
6.222
6.222
6.222
6.230
6.233
6.233
6.233
6.233
6.234
6.234
6.234
6.234
6.235
6.235
6.235
6.235
6.235
6.235
6.235
6.235
6.236
6.236
6.236
6.236
6.237
6.237
6.237
6.237
6.240
6.240
6.240
6.240
6.241
6.241
6.241
6.241
6.244
6.245
6.246
6.246
6.246
6.246
6.258
6.258
6.258
6.258
6.259
6.259
6.259
6.259
6.260
6.260
6.260
6.260
6.263
6.263
6.263
6.263
6.268
6.268
6.268
6.268
6.274
6.276
6.276
6.276
6.276
6.276
6.278
6.281
6.281
6.281
6.281
6.281
6.283
6.283
6.283
6.283
6.285
6.285
6.285
6.285
6.288
6.291
6.291
6.291
6.291
6.304
6.305
6.305
6.305
6.305
6.306
6.307
6.307
6.307
6.307
6.307
6.310
6.313
6.313
6.318
6.318
6.318
6.318
6.322
6.322
6.322
6.322
6.322
6.322
6.322
6.322
6.323
6.326
6.326
6.326
6.326
6.328
6.328
6.328
6.328
6.330
6.330
6.330
6.330
6.332
6.332
6.332
6.332
6.336
6.337
6.337
6.337
6.337
6.337
6.337
6.338
6.338
6.343
6.344
6.344
6.344
6.344
6.347
6.347
6.348
6.348
6.348
6.348
6.352
6.352
6.352
6.352
6.352
6.354
6.354
6.354
6.354
6.357
6.363
6.363
6.363
6.363
6.364
6.366
6.366
6.366
6.366
6.368
6.370
6.370
6.370
6.370
6.370
6.372
6.372
6.372
6.372
6.372
6.372
6.372
6.372
6.372
6.372
6.372
6.372
6.373
6.376
6.376
6.376
6.376
6.381
6.381
6.381
6.381
6.386
6.386
6.386
6.386
6.386
6.387
6.392
6.392
6.392
6.392
6.394
6.394
6.394
6.396
6.396
6.396
6.396
6.396
6.398
6.398
6.398
6.398
6.401
6.401
6.401
6.401
6.402
6.402
6.402
6.402
6.408
6.413
6.413
6.413
6.413
6.418
6.418
6.418
6.418
6.419
6.424
6.426
6.426
6.426
6.426
6.430
6.430
6.430
6.430
6.437
6.441
6.441
6.441
6.441
6.444
6.444
6.444
6.444
6.447
6.447
6.447
6.447
6.450
6.452
6.459
6.461
6.462
6.462
6.462
6.462
6.469
6.472
6.472
6.472
6.472
6.474
6.474
6.474
6.474
6.475
6.476
6.478
6.478
6.478
6.478
6.478
6.479
6.479
6.479
6.479
6.479
6.479
6.479
6.479
6.482
6.482
6.482
6.482
6.486
6.486
6.486
6.486
6.488
6.488
6.488
6.488
6.489
6.494
6.494
6.494
6.494
6.495
6.495
6.495
6.495
6.496
6.496
6.496
6.496
6.496
6.504
6.504
6.504
6.504
6.504
6.504
6.511
6.511
6.511
6.521
6.521
6.521
6.521
6.522
6.522
6.522
6.522
6.524
6.524
6.524
6.524
6.524
6.524
6.524
6.524
6.526
6.526
6.526
6.526
6.531
6.531
6.531
6.531
6.531
6.531
6.531
6.531
6.532
6.532
6.533
6.533
6.533
6.533
6.534
6.534
6.534
6.534
6.536
6.536
6.536
6.536
6.536
6.538
6.542
6.542
6.542
6.542
6.546
6.546
6.546
6.546
6.547
6.547
6.547
6.547
6.549
6.549
6.549
6.549
6.549
6.552
6.552
6.552
6.552
6.558
6.558
6.558
6.559
6.559
6.559
6.559
6.560
6.560
6.560
6.560
6.560
6.560
6.560
6.560
6.563
6.563
6.563
6.563
6.563
6.563
6.563
6.563
6.563
6.563
6.563
6.563
6.566
6.569
6.569
6.570
6.570
6.570
6.570
6.573
6.575
6.578
6.578
6.578
6.578
6.582
6.584
6.584
6.584
6.584
6.585
6.587
6.588
6.600
6.600
6.600
6.600
6.600
6.600
6.600
6.600
6.600
6.603
6.605
6.605
6.605
6.605
6.605
6.608
6.608
6.608
6.608
6.611
6.611
6.611
6.611
6.618
6.618
6.618
6.618
6.619
6.619
6.619
6.619
6.620
6.620
6.620
6.620
6.620
6.620
6.621
6.622
6.624
6.624
6.624
6.624
6.626
6.627
6.627
6.627
6.627
6.636
6.636
6.636
6.636
6.637
6.638
6.638
6.638
6.638
6.643
6.643
6.643
6.643
6.645
6.645
6.645
6.645
6.647
6.647
6.647
6.647
6.647
6.651
6.651
6.651
6.651
6.651
6.651
6.651
6.651
6.653
6.655
6.656
6.656
6.656
6.656
6.658
6.658
6.658
6.658
6.658
6.660
6.660
6.660
6.660
6.662
6.662
6.662
6.662
6.663
6.663
6.663
6.663
6.663
6.672
6.674
6.674
6.676
6.676
6.676
6.676
6.681
6.682
6.682
6.682
6.682
6.686
6.686
6.686
6.686
6.687
6.687
6.687
6.687
6.687
6.687
6.687
6.687
6.689
6.689
6.689
6.689
6.690
6.690
6.690
6.690
6.690
6.690
6.690
6.690
6.691
6.691
6.691
6.691
6.692
6.692
6.692
6.692
6.692
6.693
6.698
6.698
6.698
6.698
6.700
6.700
6.700
6.700
6.700
6.701
6.701
6.701
6.701
6.701
6.701
6.702
6.702
6.702
6.702
6.702
6.702
6.702
6.702
6.705
6.706
6.706
6.706
6.706
6.707
6.713
6.715
6.715
6.715
6.715
6.726
6.726
6.728
6.728
6.728
6.728
6.728
6.730
6.730
6.730
6.730
6.735
6.736
6.736
6.736
6.736
6.736
6.736
6.736
6.736
6.736
6.737
6.738
6.738
6.738
6.738
6.740
6.740
6.740
6.740
6.741
6.741
6.745
6.745
6.745
6.745
6.746
6.746
6.747
6.747
6.747
6.747
6.748
6.748
6.748
6.748
6.752
6.753
6.753
6.753
6.753
6.759
6.759
6.759
6.759
6.761
6.761
6.761
6.761
6.761
6.764
6.764
6.764
6.764
6.769
6.769
6.769
6.769
6.770
6.770
6.774
6.774
6.774
6.774
6.778
6.779
6.779
6.779
6.779
6.779
6.781
6.781
6.787
6.787
6.787
6.787
6.788
6.788
6.788
6.788
6.791
6.791
6.791
6.791
6.791
6.793
6.793
6.793
6.793
6.795
6.798
6.798
6.798
6.798
6.799
6.799
6.799
6.799
6.813
6.813
6.813
6.813
6.813
6.813
6.813
6.813
6.816
6.816
6.816
6.816
6.816
6.827
6.827
6.827
6.827
6.827
6.827
6.827
6.827
6.829
6.829
6.829
6.829
6.829
6.829
6.831
6.831
6.831
6.831
6.841
6.841
6.841
6.841
6.842
6.842
6.842
6.842
6.843
6.843
6.843
6.843
6.844
6.848
6.852
6.852
6.852
6.852
6.854
6.854
6.854
6.854
6.856
6.857
6.857
6.857
6.857
6.859
6.859
6.859
6.859
6.861
6.863
6.863
6.870
6.870
6.870
6.870
6.875
6.875
6.875
6.875
6.875
6.875
6.876
6.876
6.876
6.876
6.878
6.879
6.879
6.879
6.879
6.882
6.882
6.882
6.882
6.885
6.885
6.885
6.885
6.888
6.888
6.889
6.889
6.889
6.889
6.889
6.889
6.889
6.889
6.891
6.891
6.891
6.891
6.894
6.896
6.896
6.896
6.896
6.896
6.898
6.900
6.900
6.900
6.900
6.901
6.901
6.901
6.901
6.901
6.901
6.901
6.902
6.902
6.902
6.902
6.902
6.911
6.911
6.911
6.911
6.911
6.911
6.911
6.911
6.912
6.916
6.918
6.918
6.918
6.918
6.918
6.919
6.919
6.919
6.919
6.919
6.919
6.919
6.919
