-3.011
-3.007
-2.994
-2.905
-2.901
-2.900
-2.896
-2.895
-2.867
-2.722
-2.702
-2.694
-0.200
-0.178
-0.088
-0.061
-0.050
-0.030
0.044
0.165
0.267
0.268
0.314
0.461
0.482
0.591
0.647
0.716
0.807
0.841
0.873
0.884
0.889
0.896
0.904
0.913
0.914
0.940
0.954
0.957
0.974
0.976
0.978
0.978
0.987
0.989
1.012
1.031
1.035
1.040
1.063
1.086
1.139
1.141
1.169
1.170
1.171
1.175
1.189
1.220
1.221
1.226
1.233
1.249
1.249
1.252
1.254
1.273
1.288
1.297
1.311
1.312
1.330
1.345
1.352
1.355
1.367
1.369
1.403
1.454
1.465
1.481
1.485
1.498
1.518
1.531
1.531
1.545
1.560
1.568
1.573
1.597
1.633
1.637
1.692
1.708
1.714
1.766
1.779
1.819
1.854
1.858
1.884
1.904
1.904
1.939
1.958
1.958
1.959
1.959
1.959
2.017
2.073
2.078
2.086
2.086
2.086
2.090
2.090
2.090
2.093
2.170
2.175
2.175
2.175
2.175
2.176
2.196
2.196
2.196
2.196
2.203
2.206
2.206
2.206
2.213
2.241
2.241
2.241
2.241
2.279
2.317
2.317
2.317
2.317
2.317
2.343
2.346
2.346
2.398
2.398
2.398
2.398
2.400
2.400
2.503
2.503
2.503
2.517
2.548
2.548
2.548
2.548
2.649
2.649
2.649
2.681
2.681
2.736
2.736
2.736
2.736
2.824
2.878
2.878
2.878
2.884
2.884
2.884
2.884
2.884
2.884
2.918
2.939
2.939
2.939
2.939
3.079
3.163
3.163
3.199
3.199
3.227
3.227
3.227
3.227
3.272
3.306
3.312
3.312
3.312
3.349
3.353
3.362
3.417
3.426
3.466
3.466
3.495
3.521
3.537
3.542
3.554
3.591
3.607
3.648
3.648
3.652
3.654
3.682
3.683
3.699
3.721
3.724
3.729
3.732
3.740
3.744
3.750
3.752
3.754
3.756
3.756
3.757
3.758
3.776
3.779
3.780
3.807
3.863
3.875
3.881
3.889
3.893
3.915
3.916
3.916
3.916
3.958
3.958
3.958
3.958
3.958
3.963
3.981
4.004
4.013
4.055
4.081
4.082
4.082
4.082
4.082
4.082
4.088
4.089
4.090
4.237
4.288
4.384
4.385
4.385
4.385
4.408
4.433
4.457
4.515
4.544
4.544
4.544
4.595
4.622
4.622
4.634
4.634
4.676
4.676
4.676
4.676
4.684
4.707
4.746
4.761
4.761
4.769
4.769
4.769
4.779
4.782
4.782
4.782
4.782
4.818
4.818
4.818
4.818
4.818
4.821
4.847
4.853
4.888
4.891
4.899
4.902
4.902
4.902
4.939
4.939
4.939
4.939
4.951
4.956
4.956
4.968
4.968
4.968
4.968
4.968
4.968
4.968
4.968
5.021
5.032
5.036
5.044
5.083
5.103
5.110
5.110
5.110
5.110
5.118
5.118
5.118
5.118
5.120
5.121
5.127
5.127
5.127
5.143
5.149
5.161
5.161
5.161
5.161
5.163
5.209
5.220
5.226
5.226
5.226
5.243
5.243
5.243
5.243
5.261
5.262
5.267
5.267
5.267
5.267
5.268
5.268
5.268
5.268
5.268
5.268
5.268
5.268
5.279
5.286
5.286
5.286
5.286
5.292
5.296
5.296
5.296
5.296
5.329
5.339
5.340
5.354
5.354
5.354
5.354
5.365
5.365
5.365
5.365
5.365
5.395
5.395
5.395
5.395
5.397
5.397
5.397
5.414
5.426
5.426
5.426
5.426
5.433
5.434
5.437
5.437
5.437
5.437
5.444
5.444
5.444
5.444
5.447
5.457
5.457
5.473
5.473
5.481
5.481
5.481
5.481
5.492
5.492
5.492
5.492
5.502
5.502
5.502
5.502
5.508
5.509
5.509
5.513
5.513
5.513
5.513
5.521
5.521
5.521
5.521
5.521
5.521
5.521
5.537
5.537
5.538
5.538
5.538
5.538
5.545
5.545
5.552
5.554
5.554
5.557
5.560
5.567
5.567
5.567
5.567
5.570
5.571
5.574
5.588
5.588
5.588
5.588
5.588
5.588
5.588
5.588
5.588
5.588
5.588
5.588
5.606
5.606
5.606
5.606
5.624
5.624
5.624
5.624
5.629
5.630
5.631
5.631
5.631
5.631
5.631
5.632
5.634
5.642
5.642
5.642
5.642
5.648
5.650
5.650
5.650
5.650
5.657
5.661
5.661
5.661
5.661
5.662
5.668
5.668
5.668
5.668
5.678
5.678
5.678
5.678
5.680
5.685
5.685
5.685
5.687
5.687
5.687
5.687
5.687
5.687
5.688
5.688
5.688
5.688
5.691
5.696
5.696
5.696
5.696
5.704
5.704
5.704
5.704
5.704
5.704
5.704
5.704
5.728
5.728
5.728
5.728
5.734
5.734
5.734
5.734
5.738
5.738
5.738
5.738
5.747
5.749
5.749
5.749
5.758
5.767
5.767
5.767
5.767
5.773
5.773
5.773
5.773
5.781
5.781
5.781
5.781
5.789
5.789
5.789
5.789
5.796
5.796
5.797
5.797
5.802
5.802
5.802
5.802
5.804
5.804
5.804
5.804
5.811
5.811
5.811
5.811
5.811
5.811
5.811
5.811
5.812
5.812
5.815
5.821
5.821
5.821
5.821
5.828
5.828
5.828
5.828
5.844
5.844
5.844
5.844
5.852
5.852
5.852
5.852
5.856
5.856
5.856
5.856
5.861
5.861
5.861
5.861
5.862
5.862
5.862
5.862
5.868
5.871
5.872
5.872
5.872
5.872
5.876
5.876
5.876
5.876
5.885
5.885
5.885
5.885
5.888
5.888
5.888
5.888
5.889
5.889
5.889
5.889
5.892
5.892
5.892
5.892
5.896
5.896
5.896
5.896
5.899
5.901
5.901
5.901
5.901
5.907
5.911
5.911
5.911
5.911
5.914
5.918
5.922
5.922
5.922
5.922
5.938
5.940
5.940
5.940
5.940
5.940
5.940
5.955
5.955
5.955
5.955
5.957
5.959
5.959
5.959
5.959
5.962
5.962
5.962
5.962
5.963
5.963
5.963
5.963
5.968
5.968
5.968
5.968
5.970
5.970
5.970
5.970
5.976
5.976
5.976
5.976
5.981
5.984
5.988
5.993
5.993
5.993
5.993
5.993
6.001
6.001
6.001
6.002
6.002
6.002
6.002
6.004
6.004
6.004
6.004
6.008
6.011
6.011
6.011
6.011
6.013
6.014
6.014
6.014
6.014
6.016
6.016
6.016
6.016
6.018
6.020
6.020
6.020
6.020
6.022
6.022
6.022
6.022
6.029
6.029
6.029
6.029
6.031
6.031
6.031
6.031
6.040
6.040
6.040
6.040
6.041
6.041
6.041
6.041
6.050
6.054
6.055
6.055
6.055
6.055
6.059
6.059
6.059
6.059
6.060
6.060
6.060
6.060
6.063
6.063
6.063
6.063
6.065
6.066
6.073
6.073
6.073
6.073
6.075
6.075
6.075
6.075
6.080
6.080
6.080
6.080
6.096
6.096
6.096
6.096
6.103
6.103
6.103
6.103
6.108
6.110
6.110
6.110
6.110
6.110
6.110
6.110
6.110
6.111
6.111
6.111
6.111
6.112
6.112
6.112
6.112
6.120
6.122
6.122
6.122
6.122
6.122
6.125
6.125
6.125
6.125
6.128
6.128
6.128
6.128
6.129
6.130
6.130
6.130
6.130
6.133
6.133
6.133
6.133
6.133
6.133
6.133
6.133
6.135
6.135
6.135
6.135
6.135
6.135
6.135
6.135
6.138
6.142
6.143
6.143
6.143
6.143
6.144
6.144
6.144
6.144
6.146
6.154
6.154
6.154
6.154
6.156
6.158
6.160
6.160
6.160
6.160
6.164
6.164
6.164
6.164
6.172
6.172
6.172
6.172
6.173
6.173
6.173
6.173
6.173
6.173
6.173
6.173
6.175
6.175
6.175
6.175
6.176
6.176
6.177
6.179
6.179
6.179
6.179
6.184
6.184
6.184
6.184
6.189
6.191
6.191
6.191
6.191
6.194
6.194
6.194
6.194
6.197
6.197
6.197
6.197
6.198
6.202
6.202
6.202
6.202
6.203
6.203
6.203
6.203
6.205
6.205
6.205
6.205
6.206
6.206
6.206
6.206
6.208
6.213
6.213
6.213
6.213
6.213
6.214
6.214
6.214
6.214
6.214
6.216
6.222
6.222
6.222
6.222
6.222
6.229
6.229
6.229
6.229
6.229
6.229
6.230
6.230
6.230
6.230
6.231
6.231
6.231
6.231
6.236
6.236
6.236
6.236
6.245
6.245
6.245
6.245
6.248
6.251
6.251
6.251
6.251
6.252
6.252
6.252
6.252
6.252
6.252
6.252
6.252
6.252
6.253
6.259
6.259
6.259
6.259
6.260
6.260
6.260
6.260
6.260
6.264
6.264
6.264
6.264
6.264
6.264
6.264
6.264
6.264
6.265
6.265
6.265
6.265
6.265
6.265
6.265
6.265
6.267
6.267
6.267
6.267
6.275
6.275
6.275
6.275
6.275
6.275
6.275
6.275
6.277
6.279
6.279
6.279
6.279
6.280
6.280
6.280
6.280
6.281
6.281
6.281
6.281
6.286
6.286
6.286
6.286
6.288
6.288
6.288
6.288
6.288
6.288
6.288
6.288
6.291
6.292
6.295
6.295
6.295
6.295
6.295
6.295
6.295
6.295
6.295
6.295
6.295
6.295
6.296
6.296
6.296
6.296
6.298
6.298
6.298
6.298
6.301
6.301
6.301
6.301
6.305
6.305
6.305
6.305
6.306
6.308
6.308
6.308
6.308
6.308
6.309
6.312
6.312
6.312
6.312
6.312
6.313
6.313
6.313
6.313
6.315
6.315
6.315
6.315
6.315
6.315
6.315
6.315
6.317
6.317
6.317
6.317
6.318
6.322
6.322
6.322
6.322
6.322
6.323
6.323
6.323
6.323
6.324
6.324
6.324
6.324
6.330
6.330
6.330
6.330
6.332
6.332
6.332
6.332
6.332
6.332
6.332
6.332
6.332
6.332
6.332
6.332
6.344
6.344
6.344
6.344
6.344
6.344
6.344
6.344
6.344
6.345
6.345
6.345
6.345
6.345
6.354
6.357
6.363
6.363
6.363
6.363
6.363
6.366
6.366
6.366
6.366
6.369
6.369
6.369
6.369
6.369
6.370
6.370
6.370
6.370
6.373
6.373
6.373
6.373
6.375
6.376
6.376
6.376
6.376
6.379
6.379
6.379
6.379
6.382
6.383
6.383
6.383
6.383
6.384
6.399
6.401
6.403
6.403
6.411
6.411
6.414
6.414
6.414
6.414
6.419
6.420
6.420
6.420
6.420
6.421
6.421
6.421
6.421
6.425
6.425
6.425
6.425
6.427
6.427
6.427
6.427
6.431
6.431
6.431
6.431
6.432
6.435
6.435
6.435
6.435
6.443
6.443
6.443
6.443
6.447
6.447
6.447
6.447
6.447
6.448
6.450
6.451
6.451
6.451
6.451
6.451
6.452
6.452
6.452
6.452
6.452
6.452
6.452
6.452
6.452
6.456
6.458
6.464
6.464
6.464
6.464
6.466
6.468
6.468
6.468
6.468
6.472
6.472
6.472
6.472
6.474
6.474
6.474
6.474
6.474
6.474
6.474
6.474
6.474
6.481
6.483
6.483
6.483
6.483
6.483
6.483
6.483
6.483
6.486
6.488
6.490
6.490
6.490
6.490
6.491
6.491
6.491
6.491
6.492
6.492
6.492
6.492
6.493
6.493
6.493
6.495
6.495
6.495
6.495
6.496
6.496
6.496
6.496
6.496
6.496
6.496
6.497
6.497
6.497
6.497
6.501
6.501
6.501
6.501
6.501
6.503
6.503
6.503
6.503
6.504
6.504
6.504
6.504
6.505
6.505
6.505
6.505
6.505
6.506
6.506
6.506
6.506
6.507
6.507
6.507
6.507
6.512
6.512
6.512
6.512
6.513
6.513
6.513
6.513
6.516
6.516
6.516
6.516
6.517
6.517
6.517
6.517
6.518
6.518
6.518
6.518
6.518
6.523
6.523
6.523
6.523
6.523
6.523
6.523
6.523
6.524
6.524
6.524
6.524
6.525
6.527
6.527
6.527
6.527
6.533
6.533
6.533
6.533
6.538
6.541
6.541
6.541
6.541
6.541
6.541
6.541
6.541
6.542
6.542
6.542
6.542
6.542
6.544
6.545
6.545
6.545
6.545
6.548
6.548
6.548
6.548
6.550
6.552
6.552
6.552
6.552
6.552
6.555
6.556
6.556
6.556
6.556
6.556
6.557
6.565
6.565
6.565
6.565
6.565
6.565
6.565
6.565
6.567
6.567
6.567
6.567
6.568
6.568
6.568
6.568
6.569
6.569
6.569
6.569
6.570
6.570
6.570
6.570
6.570
6.571
6.572
6.573
6.573
6.573
6.573
6.573
6.573
6.573
6.573
6.577
6.582
6.582
6.582
6.582
6.583
6.586
6.586
6.586
6.591
6.591
6.591
6.591
6.592
6.592
6.592
6.592
6.593
6.593
6.593
6.593
6.595
6.595
6.595
6.595
6.595
6.595
6.595
6.595
6.597
6.597
6.597
6.597
6.598
6.598
6.598
6.598
6.599
6.599
6.599
6.599
6.599
6.600
6.600
6.600
6.600
6.601
6.601
6.601
6.601
6.601
6.601
6.601
6.601
6.604
6.604
6.604
6.604
6.604
6.605
6.605
6.605
6.605
6.607
6.610
6.610
6.610
6.610
6.610
6.610
6.610
6.610
6.613
6.613
6.613
6.613
6.614
6.614
6.614
6.614
6.615
6.615
6.615
6.615
6.615
6.616
6.616
6.616
6.616
6.616
6.621
6.621
6.621
6.621
6.621
6.622
6.622
6.622
6.622
6.627
6.629
6.629
6.629
6.629
6.634
6.634
6.634
6.634
6.635
6.635
6.635
6.635
6.635
6.635
6.635
6.635
6.636
6.637
6.637
6.637
6.637
6.637
6.638
6.644
6.645
6.645
6.646
6.646
6.646
6.646
6.648
6.648
6.648
6.648
6.649
6.650
6.650
6.650
6.650
6.652
6.653
6.653
6.653
6.653
6.653
6.653
6.653
6.653
6.655
6.655
6.655
6.655
6.657
6.657
6.657
6.657
6.659
6.660
6.660
6.660
6.660
6.660
6.660
6.663
6.663
6.663
6.663
6.666
6.666
6.666
6.666
6.667
6.667
6.667
6.667
6.669
6.674
6.676
6.676
6.676
6.676
6.677
6.677
6.677
6.677
6.678
6.678
6.678
6.678
6.678
6.679
6.679
6.679
6.679
6.682
6.682
6.682
6.682
6.685
6.686
6.686
6.686
6.686
6.687
6.690
6.691
6.691
6.691
6.691
6.691
6.691
6.691
6.691
6.692
6.695
6.695
6.695
6.695
6.697
6.697
6.697
6.697
6.697
6.698
6.698
6.698
6.698
6.698
6.700
6.700
6.700
6.703
6.703
6.703
6.703
6.703
6.704
6.704
6.704
6.704
6.705
6.705
6.705
6.705
6.705
6.705
6.705
6.705
6.706
6.706
6.706
6.706
6.706
6.707
6.707
6.707
6.707
6.712
6.713
6.713
6.713
6.713
6.714
6.723
6.724
6.726
6.732
6.732
6.732
6.732
6.733
6.733
6.733
6.733
6.737
6.737
6.737
6.737
6.737
6.738
6.738
6.738
6.738
6.741
6.741
6.741
6.741
6.745
6.745
6.745
6.745
6.756
6.762
6.762
6.762
6.762
6.762
6.762
6.762
6.762
6.766
6.767
6.767
6.767
6.767
6.775
6.775
6.775
6.775
6.776
6.776
6.776
6.776
6.776
6.776
6.776
6.776
6.776
6.779
6.779
6.779
6.779
6.779
6.780
6.788
6.789
6.789
6.789
6.789
6.790
6.794
6.799
6.801
6.801
6.801
6.801
6.802
6.803
6.803
6.803
6.803
6.803
6.803
6.803
6.803
6.803
6.805
6.805
6.805
6.805
6.806
6.806
6.806
6.806
6.810
6.819
6.819
6.819
6.819
6.824
6.824
6.824
6.824
6.825
6.825
6.825
6.825
6.826
6.827
6.827
6.827
6.827
6.828
6.828
6.828
6.828
6.829
6.829
6.829
6.829
6.831
6.832
6.832
6.832
6.832
6.836
6.836
6.836
6.836
6.837
6.837
6.837
6.837
6.837
6.837
6.837
6.837
6.838
6.838
6.838
6.838
6.839
6.839
6.839
6.839
6.841
6.841
6.841
6.841
6.841
6.841
6.841
6.841
6.842
6.842
6.842
6.842
6.842
6.843
6.843
6.848
6.848
6.848
6.848
6.848
6.850
6.854
6.860
6.860
6.860
6.860
6.863
6.865
6.865
6.865
6.865
6.868
6.868
6.868
6.868
6.872
6.873
6.875
6.875
6.875
6.875
6.875
6.878
6.878
6.878
6.878
6.878
6.879
6.879
6.879
6.879
6.881
6.885
6.885
6.885
6.885
6.886
6.891
6.891
6.891
6.891
6.891
6.894
6.894
6.894
6.894
6.899
6.901
6.901
6.901
6.901
6.904
6.904
6.904
6.904
6.907
6.907
6.907
6.907
6.907
6.908
6.908
6.908
6.908
6.910
6.912
6.912
6.912
6.912
6.912
6.914
6.917
6.919
6.920
6.920
6.920
6.920
6.921
6.921
6.921
6.921
6.925
6.925
6.929
6.929
6.929
6.929
6.934
6.934
6.934
6.934
6.937
6.938
6.938
6.938
6.938
6.940
6.940
6.940
6.940
