-3.409
-3.407
-3.398
-3.320
-3.314
-3.305
-3.303
-3.298
-3.294
-3.260
-3.259
-3.249
-3.210
-3.197
-3.191
-3.190
-3.168
-3.158
-3.158
-3.146
-3.146
-3.132
-3.125
-3.114
-3.104
-3.096
-3.091
-3.089
-3.083
-3.081
-3.062
-3.045
-3.035
-3.030
-3.030
-3.029
-3.021
-3.010
-2.991
-2.988
-2.974
-2.966
-2.951
-2.949
-2.785
-2.733
-2.712
-2.682
0.161
0.243
0.297
0.355
0.363
0.419
0.439
0.466
0.473
0.478
0.483
0.563
0.574
0.580
0.601
0.604
0.621
0.627
0.643
0.679
0.685
0.713
0.799
0.822
0.859
0.865
0.919
0.949
0.991
1.006
1.022
1.026
1.035
1.069
1.128
1.129
1.141
1.143
1.144
1.218
1.306
1.320
1.357
1.423
1.425
1.438
1.438
1.438
1.438
1.442
1.452
1.468
1.498
1.519
1.559
1.573
1.579
1.591
1.593
1.597
1.604
1.624
1.629
1.643
1.644
1.648
1.648
1.660
1.669
1.680
1.682
1.696
1.704
1.707
1.707
1.714
1.714
1.714
1.718
1.729
1.741
1.741
1.765
1.765
1.765
1.765
1.772
1.777
1.791
1.791
1.791
1.791
1.791
1.791
1.791
1.791
1.817
1.820
1.824
1.836
1.852
1.856
1.861
1.861
1.861
1.861
1.871
1.871
1.872
1.873
1.875
1.880
1.880
1.880
1.880
1.885
1.885
1.885
1.904
1.908
1.909
1.916
1.918
1.918
1.918
1.918
1.918
1.918
1.918
1.926
1.928
1.935
1.937
1.941
1.942
1.968
1.975
2.000
2.003
2.003
2.003
2.003
2.012
2.020
2.026
2.026
2.026
2.026
2.032
2.089
2.091
2.103
2.107
2.130
2.133
2.138
2.150
2.155
2.163
2.239
2.264
2.265
2.274
2.274
2.287
2.296
2.296
2.296
2.296
2.296
2.296
2.316
2.319
2.319
2.319
2.319
2.321
2.321
2.321
2.331
2.331
2.338
2.338
2.343
2.346
2.346
2.346
2.348
2.358
2.365
2.372
2.372
2.372
2.387
2.387
2.387
2.387
2.387
2.393
2.397
2.397
2.397
2.397
2.401
2.403
2.415
2.419
2.421
2.425
2.428
2.429
2.430
2.430
2.430
2.434
2.436
2.437
2.445
2.452
2.453
2.453
2.453
2.453
2.456
2.456
2.461
2.465
2.465
2.466
2.469
2.469
2.472
2.472
2.477
2.477
2.477
2.477
2.477
2.480
2.480
2.480
2.480
2.487
2.487
2.488
2.489
2.489
2.489
2.489
2.489
2.490
2.492
2.492
2.492
2.492
2.493
2.496
2.500
2.500
2.500
2.500
2.501
2.502
2.503
2.504
2.506
2.506
2.506
2.507
2.515
2.524
2.524
2.525
2.537
2.537
2.537
2.537
2.546
2.550
2.550
2.553
2.553
2.553
2.555
2.560
2.560
2.563
2.569
2.571
2.571
2.571
2.573
2.585
2.599
2.599
2.599
2.606
2.608
2.612
2.612
2.613
2.613
2.613
2.615
2.622
2.626
2.627
2.627
2.627
2.627
2.630
2.630
2.630
2.634
2.634
2.634
2.644
2.644
2.645
2.645
2.648
2.648
2.648
2.659
2.669
2.671
2.671
2.671
2.671
2.673
2.675
2.676
2.676
2.676
2.682
2.684
2.684
2.684
2.684
2.684
2.688
2.688
2.688
2.688
2.688
2.688
2.690
2.709
2.733
2.741
2.746
2.746
2.746
2.746
2.747
2.747
2.754
2.755
2.762
2.762
2.762
2.770
2.772
2.773
2.778
2.787
2.790
2.798
2.810
2.810
2.812
2.812
2.812
2.813
2.818
2.818
2.828
2.834
2.834
2.848
2.864
2.874
2.876
2.876
2.876
2.876
2.878
2.881
2.900
2.900
2.906
2.918
2.930
2.936
2.940
2.941
2.946
2.954
2.966
2.974
2.978
2.981
2.988
2.990
2.992
2.994
2.995
3.004
3.017
3.018
3.022
3.025
3.025
3.036
3.037
3.040
3.042
3.081
3.081
3.081
3.081
3.101
3.109
3.112
3.121
3.132
3.144
3.150
3.165
3.171
3.171
3.179
3.179
3.179
3.179
3.183
3.183
3.197
3.197
3.205
3.206
3.225
3.245
3.253
3.253
3.253
3.253
3.257
3.257
3.257
3.257
3.281
3.313
3.313
3.313
3.313
3.348
3.348
3.348
3.358
3.358
3.369
3.379
3.384
3.386
3.392
3.392
3.395
3.395
3.397
3.397
3.397
3.397
3.398
3.428
3.428
3.428
3.428
3.434
3.434
3.434
3.480
3.480
3.480
3.480
3.483
3.489
3.489
3.502
3.518
3.519
3.521
3.523
3.528
3.532
3.539
3.551
3.556
3.558
3.559
3.559
3.559
3.559
3.560
3.568
3.568
3.572
3.572
3.573
3.579
3.597
3.628
3.628
3.628
3.628
3.628
3.646
3.660
3.667
3.667
3.667
3.667
3.674
3.681
3.683
3.696
3.697
3.699
3.710
3.714
3.714
3.715
3.730
3.732
3.763
3.817
3.817
3.817
3.826
3.875
3.884
3.900
3.900
3.917
3.921
3.962
3.973
3.979
3.983
3.995
3.996
4.003
4.012
4.024
4.044
4.048
4.086
4.087
4.094
4.102
4.104
4.117
4.120
4.120
4.138
4.138
4.148
4.149
4.154
4.189
4.195
4.195
4.195
4.226
4.226
4.241
4.250
4.254
4.276
4.277
4.288
4.360
4.362
4.368
4.368
4.462
4.486
4.510
4.520
4.533
4.533
4.533
4.533
4.537
4.550
4.550
4.550
4.550
4.552
4.564
4.586
4.596
4.598
4.616
4.634
4.639
4.639
4.639
4.639
4.681
4.681
4.681
4.681
4.686
4.686
4.686
4.686
4.754
4.782
4.782
4.782
4.782
4.797
4.823
4.843
4.848
4.848
4.848
4.848
4.851
4.878
4.878
4.878
4.878
4.885
4.885
4.885
4.885
4.887
4.887
4.887
4.887
4.897
4.897
4.898
4.900
4.918
4.918
4.918
4.918
4.920
4.931
4.932
4.932
4.932
4.932
4.942
4.944
4.944
4.944
4.944
4.958
4.986
4.986
4.986
4.986
4.991
4.991
4.991
4.991
4.992
4.998
5.019
5.024
5.029
5.029
5.029
5.029
5.039
5.039
5.039
5.039
5.068
5.068
5.068
5.068
5.080
5.090
5.090
5.090
5.090
5.092
5.092
5.092
5.092
5.092
5.092
5.092
5.092
5.092
5.092
5.098
5.098
5.098
5.098
5.122
5.122
5.144
5.145
5.145
5.145
5.145
5.151
5.164
5.174
5.174
5.174
5.174
5.202
5.206
5.210
5.210
5.210
5.210
5.213
5.223
5.223
5.223
5.223
5.229
5.231
5.238
5.238
5.238
5.238
5.240
5.240
5.240
5.240
5.244
5.252
5.252
5.252
5.252
5.261
5.261
5.261
5.261
5.276
5.276
5.276
5.276
5.291
5.291
5.305
5.305
5.305
5.305
5.311
5.318
5.345
5.345
5.345
5.345
5.346
5.350
5.350
5.362
5.362
5.362
5.362
5.363
5.363
5.363
5.363
5.387
5.397
5.411
5.411
5.411
5.411
5.412
5.434
5.434
5.445
5.455
5.466
5.466
5.466
5.466
5.467
5.479
5.479
5.479
5.479
5.480
5.494
5.513
5.513
5.517
5.517
5.517
5.517
5.521
5.521
5.521
5.521
5.521
5.521
5.521
5.521
5.528
5.528
5.528
5.528
5.531
5.531
5.531
5.531
5.536
5.536
5.536
5.536
5.543
5.551
5.551
5.551
5.551
5.551
5.568
5.568
5.568
5.568
5.570
5.570
5.576
5.577
5.582
5.584
5.586
5.588
5.588
5.588
5.588
5.591
5.593
5.593
5.593
5.593
5.595
5.595
5.595
5.595
5.619
5.619
5.619
5.619
5.620
5.620
5.620
5.620
5.622
5.622
5.622
5.622
5.629
5.629
5.629
5.629
5.633
5.637
5.637
5.637
5.637
5.639
5.656
5.656
5.656
5.656
5.661
5.666
5.666
5.666
5.666
5.669
5.669
5.669
5.669
5.670
5.670
5.670
5.670
5.671
5.671
5.671
5.671
5.675
5.678
5.678
5.678
5.678
5.687
5.687
5.687
5.687
5.691
5.691
5.691
5.691
5.696
5.696
5.702
5.702
5.702
5.702
5.703
5.707
5.707
5.707
5.707
5.709
5.709
5.709
5.709
5.710
5.710
5.710
5.710
5.716
5.716
5.716
5.716
5.719
5.719
5.719
5.719
5.730
5.732
5.732
5.732
5.732
5.738
5.738
5.738
5.738
5.759
5.759
5.759
5.759
5.762
5.766
5.766
5.766
5.766
5.766
5.766
5.766
5.766
5.777
5.777
5.777
5.777
5.779
5.779
5.779
5.779
5.782
5.785
5.797
5.797
5.797
5.797
5.810
5.810
5.812
5.812
5.812
5.812
5.812
5.812
5.812
5.812
5.813
5.813
5.813
5.813
5.815
5.815
5.815
5.815
5.816
5.816
5.816
5.816
5.818
5.818
5.818
5.818
5.818
5.818
5.818
5.818
5.818
5.819
5.819
5.819
5.819
5.820
5.823
5.823
5.823
5.823
5.824
5.824
5.824
5.824
5.826
5.826
5.826
5.826
5.829
5.829
5.829
5.829
5.836
5.836
5.836
5.836
5.837
5.837
5.837
5.837
5.838
5.838
5.838
5.838
5.839
5.841
5.841
5.841
5.841
5.844
5.847
5.847
5.847
5.847
5.854
5.855
5.855
5.855
5.855
5.856
5.856
5.856
5.856
5.858
5.864
5.868
5.868
5.868
5.868
5.868
5.868
5.868
5.868
5.870
5.873
5.873
5.873
5.873
5.875
5.875
5.875
5.875
5.896
5.896
5.896
5.896
5.906
5.906
5.906
5.906
5.907
5.907
5.907
5.907
5.909
5.909
5.909
5.909
5.911
5.911
5.911
5.911
5.918
5.918
5.918
5.918
5.927
5.927
5.927
5.927
5.928
5.930
5.930
5.930
5.930
5.932
5.932
5.932
5.932
5.932
5.941
5.945
5.953
5.953
5.953
5.953
5.955
5.955
5.955
5.955
5.956
5.956
5.956
5.956
5.959
5.959
5.959
5.959
5.960
5.962
5.963
5.963
5.963
5.963
5.969
5.972
5.972
5.972
5.972
5.974
5.974
5.974
5.974
5.979
5.979
5.979
5.979
5.981
5.981
5.981
5.981
5.981
5.981
5.981
5.981
5.984
5.984
5.984
5.984
5.986
5.986
5.986
5.986
5.987
5.987
5.987
5.988
5.988
5.988
5.988
6.000
6.000
6.000
6.000
6.001
6.001
6.001
6.001
6.002
6.002
6.002
6.002
6.006
6.006
6.006
6.006
6.008
6.013
6.013
6.013
6.013
6.014
6.019
6.019
6.019
6.019
6.021
6.021
6.021
6.021
6.021
6.029
6.029
6.029
6.029
6.030
6.030
6.030
6.030
6.030
6.037
6.037
6.037
6.037
6.041
6.041
6.041
6.041
6.044
6.046
6.046
6.046
6.046
6.046
6.046
6.046
6.046
6.064
6.064
6.064
6.064
6.065
6.065
6.066
6.066
6.066
6.066
6.066
6.066
6.066
6.066
6.067
6.067
6.067
6.067
6.074
6.074
6.074
6.074
6.074
6.074
6.075
6.075
6.075
6.075
6.081
6.081
6.081
6.081
6.088
6.088
6.092
6.092
6.103
6.116
6.120
6.121
6.127
6.127
6.127
6.127
6.127
6.136
6.139
6.139
6.139
6.139
6.141
6.141
6.141
6.141
6.142
6.142
6.142
6.142
6.146
6.146
6.146
6.146
6.147
6.147
6.147
6.147
6.157
6.157
6.157
6.157
6.158
6.158
6.158
6.158
6.159
6.159
6.159
6.159
6.159
6.161
6.161
6.162
6.162
6.162
6.162
6.163
6.163
6.163
6.163
6.166
6.166
6.166
6.166
6.172
6.173
6.173
6.173
6.173
6.173
6.178
6.178
6.178
6.178
6.179
6.180
6.180
6.180
6.180
6.180
6.180
6.180
6.180
6.181
6.183
6.183
6.183
6.183
6.189
6.189
6.189
6.189
6.195
6.195
6.195
6.195
6.196
6.196
6.196
6.196
6.197
6.198
6.199
6.199
6.203
6.207
6.207
6.207
6.207
6.208
6.208
6.208
6.208
6.209
6.209
6.209
6.209
6.213
6.213
6.213
6.213
6.222
6.222
6.222
6.222
6.222
6.223
6.223
6.223
6.223
6.224
6.224
6.224
6.224
6.224
6.224
6.224
6.224
6.227
6.227
6.227
6.227
6.228
6.228
6.228
6.228
6.228
6.234
6.242
6.242
6.242
6.242
6.247
6.247
6.247
6.247
6.248
6.248
6.248
6.248
6.254
6.254
6.256
6.257
6.261
6.261
6.261
6.261
6.264
6.264
6.264
6.264
6.264
6.269
6.269
6.269
6.269
6.270
6.270
6.270
6.270
6.270
6.275
6.275
6.275
6.275
6.277
6.277
6.277
6.277
6.278
6.278
6.278
6.278
6.278
6.278
6.278
6.278
6.282
6.287
6.289
6.289
6.289
6.289
6.289
6.289
6.289
6.289
6.290
6.294
6.294
6.294
6.294
6.297
6.297
6.297
6.297
6.297
6.297
6.297
6.297
6.298
6.298
6.298
6.298
6.301
6.301
6.305
6.307
6.307
6.307
6.307
6.312
6.312
6.312
6.312
6.315
6.317
6.317
6.317
6.317
6.319
6.319
6.319
6.319
6.320
6.320
6.323
6.323
6.323
6.323
6.323
6.323
6.323
6.323
6.324
6.324
6.324
6.324
6.326
6.326
6.326
6.326
6.331
6.331
6.331
6.331
6.332
6.332
6.332
6.332
6.332
6.332
6.332
6.332
6.334
6.334
6.334
6.334
6.335
6.335
6.335
6.335
6.346
6.346
6.346
6.346
6.349
6.349
6.349
6.349
6.363
6.364
6.366
6.369
6.377
6.377
6.377
6.377
6.381
6.381
6.381
6.381
6.388
6.388
6.388
6.388
6.388
6.388
6.388
6.388
6.391
6.391
6.391
6.391
6.391
6.391
6.392
6.392
6.392
6.392
6.393
6.393
6.393
6.393
6.395
6.396
6.396
6.396
6.396
6.397
6.397
6.397
6.397
6.400
6.400
6.400
6.400
6.400
6.403
6.404
6.406
6.406
6.406
6.406
6.406
6.407
6.407
6.407
6.407
6.414
6.414
6.414
6.414
6.414
6.414
6.414
6.414
6.414
6.417
6.417
6.417
6.417
6.418
6.418
6.427
6.428
6.428
6.428
6.428
6.431
6.432
6.432
6.432
6.432
6.432
6.436
6.436
6.436
6.436
6.436
6.436
6.436
6.436
6.438
6.438
6.438
6.438
6.438
6.438
6.438
6.439
6.439
6.439
6.439
6.442
6.442
6.442
6.442
6.442
6.442
6.442
6.442
6.443
6.443
6.443
6.443
6.448
6.448
6.448
6.448
6.448
6.448
6.448
6.448
6.450
6.450
6.450
6.450
6.450
6.450
6.450
6.450
6.457
6.459
6.459
6.459
6.459
6.459
6.459
6.459
6.459
6.460
6.461
6.461
6.467
6.467
6.468
6.468
6.468
6.468
6.470
6.470
6.470
6.470
6.470
6.471
6.473
6.473
6.473
6.473
6.477
6.477
6.477
6.477
6.478
6.480
6.480
6.480
6.480
6.482
6.482
6.482
6.482
6.487
6.487
6.487
6.487
6.492
6.492
6.492
6.492
6.493
6.495
6.495
6.495
6.495
6.499
6.499
6.499
6.499
6.500
6.500
6.500
6.500
6.501
6.503
6.503
6.503
6.503
6.505
6.506
6.506
6.516
6.523
6.527
6.530
6.530
6.530
6.530
6.530
6.531
6.531
6.531
6.531
6.534
6.534
6.534
6.534
6.536
6.536
6.536
6.536
6.537
6.537
6.537
6.537
6.542
6.542
6.542
6.542
6.542
6.542
6.542
6.542
6.543
6.544
6.544
6.544
6.544
6.546
6.546
6.546
6.546
6.546
6.553
6.553
6.553
6.553
6.553
6.553
6.554
6.554
6.554
6.554
6.554
6.554
6.556
6.556
6.556
6.556
6.558
6.558
6.558
6.558
6.558
6.558
6.564
6.564
6.564
6.564
6.565
6.566
6.566
6.566
6.566
6.566
6.567
6.568
6.568
6.568
6.568
6.568
6.568
6.568
6.568
6.571
6.571
6.571
6.571
6.571
6.571
6.571
6.571
6.571
6.576
6.578
6.581
6.581
6.582
6.582
6.582
6.582
6.583
6.583
6.583
6.583
6.583
6.583
6.583
6.583
6.586
6.586
6.586
6.586
6.586
6.587
6.587
6.587
6.587
6.589
6.589
6.589
6.589
6.589
6.590
6.591
6.591
6.591
6.591
6.594
6.594
6.594
6.594
6.594
6.594
6.594
6.594
6.595
6.600
6.600
6.600
6.600
6.602
6.608
6.608
6.608
6.608
6.608
6.610
6.618
6.623
6.623
6.623
6.623
6.624
6.625
6.625
6.625
6.625
6.627
6.627
6.627
6.627
6.628
6.628
6.628
6.628
6.631
6.632
6.632
6.632
6.632
6.632
6.634
6.635
6.635
6.635
6.635
6.642
6.645
6.645
6.650
6.652
6.652
6.652
6.652
6.659
6.659
6.659
6.659
6.659
6.659
6.659
6.659
6.661
6.661
6.661
6.661
6.664
6.664
6.664
6.664
6.664
